%YAML:1.0
---
calibration_time: "mar 25 mar 2025 01:37:15"
image_width: 1280
image_height: 720
flags: 0
camera_matrix: !!opencv-matrix
   rows: 3
   cols: 3
   dt: d
   data: [ 9.6623041680133565e+02, 0., 6.2167373587466761e+02, 0.,
       9.6314484733524228e+02, 3.8051586081452092e+02, 0., 0., 1. ]
distortion_coefficients: !!opencv-matrix
   rows: 5
   cols: 1
   dt: d
   data: [ 6.9185051523836553e-03, -6.0919883400975559e-02,
       -1.9008492874313301e-03, -4.7271539885253558e-03,
       -9.0092431841080151e-02 ]
avg_reprojection_error: 9.4609326279790973e-01
