%YAML:1.0
---
calibration_time: "mar 25 mar 2025 01:25:09"
image_width: 1280
image_height: 720
flags: 0
camera_matrix: !!opencv-matrix
   rows: 3
   cols: 3
   dt: d
   data: [ 9.5006108219514317e+02, 0., 6.2905713174681694e+02, 0.,
       9.5677968723931758e+02, 3.8316758020889125e+02, 0., 0., 1. ]
distortion_coefficients: !!opencv-matrix
   rows: 5
   cols: 1
   dt: d
   data: [ 6.7340707323705645e-02, -2.2782384341872577e-01,
       1.0759683304684589e-03, -7.6889251696178466e-04,
       2.6577192204913230e-01 ]
avg_reprojection_error: 2.0216642331752821e+00
