%YAML:1.0
---
calibration_time: "mar 25 mar 2025 00:34:30"
image_width: 1280
image_height: 720
flags: 0
camera_matrix: !!opencv-matrix
   rows: 3
   cols: 3
   dt: d
   data: [ 6.0116245236674244e+04, 0., 1.1315947868782903e+03, 0.,
       4.2606193066322057e+03, 3.3505640191525384e+02, 0., 0., 1. ]
distortion_coefficients: !!opencv-matrix
   rows: 1
   cols: 5
   dt: d
   data: [ 1.2481373487320968e+02, 5.0657075714486064e+03,
       4.5194432971022493e+00, 2.9545712896330367e+00,
       -8.2634093854400570e-01 ]
avg_reprojection_error: 1.0253198392287823e+02
